5573982485646
551123640524
551120890806
551155249197
551125611031
5511997070518
5511979528241
5511930067349
5511947897170
5511984039458
5511989820044
5511974415460
551127294541
551135998073
5511949818228
5511943146016
5511930301933
5511947089013
5511913361792
5511999539751
551141389800
551120880618
551123252016
5511976384156
5511965281465
5511990234273
551159215237
551146548585
5511952910199
5511948709543
551120518304
5511975598434
551139797714
551133686000
551156219080
551129629445
551139664238
551132275756
551139032992
551130201309
5511981871928
551120378005
5511947810722
5511951099483
551159332371
5511910712210
551147780208
5511947061420
551127919896
5511942911646
5511947626028
5511917862394
5511981776388
551123717930
5511974415460
551120741817
5511981304499
5511963660611
551126156626
5511971235803
5511952062769
551120684769
551120637006
551156122483
5511947866415
551129573969
551155627473
551137058050
551120418077
5511960131981
551126064140
5511992939044
551139455979
5511913570846
5511944770775
5511952370448
5511947813339
5511995281123
551125335772
551120262176
5511986044598
551156741470
551129906800
551136421222
551158423820
551126155439
5511983766921
5511913507011
5511995175340
5511984636346
551156778784
551155141409
5511947138638
551126916895
5511974121908
5511975635090
5511942875005
551156636030
551125379252
551142588248
5511947839765
551122066331
551129510219
551136758785
551122492659
551128869087
551127211794
551122967240
5511967389760
551137058050
551127851633
5511989612485
5511966434214
551123512015
5511983984952
551139916600
551125534175
5511940309875
5511952722678
551137436029
5511954389323
5511981641254
5511951202773
551127387375
5511986970014
5511993282882
551138583000
551137687257
551138078210
551137513844
551127765806
551150734919
551129921243
5511976192268
5511997167404
551155183974
5511989213122
551155141409
551120520699
551156313651
5511999606608
551120353555
5511918684798
5511984080755
5511996576543
5511986395304
5511943884042
5511961441943
551125618736
5511939446621
5511985715349
551155628456
551129445242
551122954282
551148015954
5511986138156
551133681111
5511951940788
5511970844215
5511958902555
551158410695
5511993068592
551155621689
551134410316
5511981198075
5511947012008
5511992303044
5511994620769
551155234044
5511981221189
551125793589
5511995702019
5511950008860
551126457872
5511965068434
551123095322
551137356000
5511947934266
5511960348639
5511942343676
5511959822033
5511967262668
551151807599
5511970784599
5511911387812
5511947522268
551156318682
551143061845
551155885029
551136371000
551122367888
551141105212
5511947012008
551132777324
551150614300